;1;2;3;4;5;6;7;8;9;10;11;12;13;14;15;16;17;18;19;21;22;23;24;25;26;27;28;29;30;31;32;33;34;35;36;37;38;39;40;41;42;43;44;45;46;47;48;49;50;51;52;53;54;55;56;57;58;59;60;61;62;63;64;65;66;67;68;69;70;71;72;73;74;75;76;77;78;79;80;81;82;83;84;85;86;87;88;89;90;91;92;93;94;95
1;0;407834.48143653;169547.926965233;232805.134188533;175161.943362598;277927.907185287;166388.15302266;395001.009413153;467202.713447925;261348.325421458;406615.075936515;291292.400455702;285091.496267863;543119.160396216;239194.017231796;400744.300890918;467616.086809471;243635.119968663;282074.312176173;154010.557454916;672461.503599801;257086.988550685;375482.734846398;141752.282984816;158103.604403376;468125.391061043;393983.370425864;750893.83953556;251824.109694446;449389.316245781;469788.575161038;483746.209040071;321135.155419054;576242.629535301;299080.428527708;378317.16242225;94682.9863654549;75020.4310912632;537545.784748059;342870.414864957;100617.543435947;161625.837077638;554125.974457995;304457.507672061;335634.439324695;428842.287782757;227974.375512009;472873.712576755;600878.663925932;328059.36761114;224023.996422081;508637.100662371;305533.957818053;321873.101189633;649229.255640378;341554.488006907;180791.479650338;509199.028240011;428474.267102414;483443.155916323;539072.398736091;176038.693299524;577756.715930029;532721.417411373;449843.068629153;330921.602882343;244423.938982809;60386.6288395145;180564.119984635;86675.3771435834;442247.910455889;109587.461853802;83695.5026179511;381148.847152762;510400.202134387;335111.115720311;401254.207233405;438443.57462795;486498.301575099;359464.963116024;390289.990845499;304237.822551313;233342.092979146;514255.776023019;379293.969274387;318948.226277426;246094.210855361;236510.041271574;208661.025830866;357258.177630713;384720.404418679;380690.851065849;368524.01939472;410560.844715668
2;407834.48143653;0;353693.382914189;640632.543468361;582327.138223431;682030.42010286;539261.867591888;78279.9922780541;755855.896030141;146640.633834517;724238.526923193;591566.872706952;679731.122429015;289015.999503305;506509.963298731;496204.293420168;526966.541191812;288812.647765066;484750.372056349;253987.886966094;485280.90528777;403122.923968519;539610.138454838;337711.758648403;556250.438846697;192461.075338803;206495.552916241;575631.413341846;621571.824190295;714139.616130309;694917.350357047;612861.599373618;666034.215903454;411478.25067133;342974.955213829;332551.388367556;501819.184526053;352938.738434118;705149.994957813;267327.28777237;429107.804121571;493834.751822342;457433.135977759;204126.093233447;569081.709450108;624056.551667166;561475.318358705;388250.160005645;358632.829922387;84053.0045087035;202434.632115706;346581.359707744;207991.147597559;146751.143238921;505247.084953928;232583.291478714;272256.067711894;101796.49096235;83733.3193952809;271039.398027413;138105.633440066;428094.732165878;775937.819849788;769815.812879236;779040.615638594;307265.488642108;332108.825210052;418684.272612182;283352.653065751;332773.581346696;300477.516252298;503528.902964536;447287.499837385;118224.269429905;182904.007499512;113489.54716212;150056.898484731;441527.005599978;102300.684854843;651642.215631476;633632.513475915;711483.742404919;630413.252755982;483097.210074759;405422.939347564;443906.356481563;256352.247301332;191543.246044626;328060.107321977;150285.316301312;124232.589830705;106314.474948373;117922.910759153;116531.478207714
3;169547.926965233;353693.382914189;0;349565.975241058;307646.711131557;411974.763926306;206563.632212511;374687.604152168;408898.73511051;225049.617017245;371352.133029269;238516.26791899;350488.284542077;401562.637675652;154773.170710938;242478.609515335;305958.253130718;91780.6990750936;153668.580450451;166448.708420283;509468.784791579;96146.8914068455;238086.03500048;256835.754606389;244923.568205626;344329.49109701;260855.027642987;584786.921444057;278268.819210192;373248.164755612;369614.018034188;341136.498933724;313588.975239119;413776.914153371;130522.750952167;213125.44016993;223780.255716556;195686.555134588;412397.140894844;190750.520997564;105754.319212537;148841.375879653;385633.751929034;180672.224802392;232397.799991146;310302.309945301;210265.075850795;305827.937101937;451327.361169905;295256.183289135;245410.835706768;349877.652660153;347725.50213667;332572.404675684;482175.345345681;392739.673802044;83930.3309200104;451369.310855051;340555.757582308;338372.134664488;461272.105344816;74422.7716397777;468048.095342609;441996.770972084;425614.539359476;414491.094024186;349811.293448036;126299.658378743;260196.766583729;107500.395996062;286460.706644969;271835.537895368;252785.878688574;281401.618961676;397001.965490473;249401.283398628;287886.186727047;269324.592067832;402491.458646102;301210.207610196;297144.338736296;407418.222363588;308090.872692713;344920.837081255;209991.378724489;160620.734180731;313584.002869712;163559.61013307;315584.275141739;247418.231075764;282148.409588031;285949.598115184;270785.34304043;309619.162626576
4;232805.134188533;640632.543468361;349565.975241058;0;62084.2962557129;72236.6652171488;161519.790039649;625352.258257602;404781.509090683;494096.589623058;328350.292503816;285272.808744675;112083.343582197;750615.308117654;302374.427744183;508833.022321647;576040.731469365;440406.555305769;372309.748935104;386782.754888239;850038.626422006;398779.833595543;450021.994595077;340721.199538908;107217.49372866;686518.655377209;606372.378296977;917983.809033094;165676.167365614;416129.538352253;466744.800426578;547585.54122271;238249.969742621;756312.124881805;470431.854833223;556250.824715374;139363.114688159;295111.095066147;562516.414379159;540310.989873595;243865.19405867;224201.34102811;713954.987115682;519868.965115644;373624.086694776;462128.059370956;223380.268887565;642252.091254105;800706.432629664;560596.988026581;452614.921273004;696595.347193529;521290.804031132;547765.479696535;814190.819471315;549864.600185192;397144.400453848;741994.820704301;658131.187709704;687755.615052225;771037.661423845;303933.40840956;571713.37010324;504040.559343796;344796.593892498;517984.322573349;425304.003440693;233516.930122729;393696.252458792;312331.45943144;635136.423400754;153448.204329003;215144.498238306;607324.508225333;733796.158256375;563758.631530797;623299.910636396;581260.535605502;717366.267109171;328834.421815467;396680.60597786;73982.5212218643;86103.6448947905;654996.396042671;528810.989028041;441525.775049292;455413.161155532;464504.612750967;396010.589011375;579759.96562104;610142.977561217;608175.632462246;595015.614324836;636883.370860886
5;175161.943362598;582327.138223431;307646.711131557;62084.2962557129;0;105489.320512305;145851.544047509;564810.496663115;428884.543207871;436141.215040489;354440.301212747;288032.213667983;156152.052822047;705224.348238117;286990.050316063;489715.961474871;558047.802096536;396241.708398708;353750.838986274;328358.865421576;814814.022466529;368035.829042214;438347.519705269;278636.910338671;86915.3393470589;636891.205839079;558720.498975171;886264.747398168;182020.540009234;432542.725180154;476310.632001867;541027.661491279;261029.37128975;719870.260094089;433707.649740144;518902.066547319;86152.9995990839;234129.03608609;566595.271674015;497085.605385626;202921.665598015;200647.413268778;683260.242603193;470730.494967996;369012.761037042;461798.293872237;219807.828716923;608210.103927024;758125.211933442;501434.503861728;391879.116118488;657389.051493872;459255.926684329;486378.522984969;782626.619043921;487810.934723573;346729.638773907;683341.303330784;603131.755643591;643234.861753412;714223.732332959;272123.84993025;584190.626981027;521323.03708061;379052.8804761;456811.23954077;364102.079837026;185057.301698092;331726.743013508;258023.602845323;594024.078536325;91657.7189506257;153130.713902926;554171.882638724;682139.432386335;509273.113185917;572028.848608085;554014.888183522;661543.450501469;341257.457607052;401589.582047077;136055.758738006;113330.247450968;629193.94884445;498971.964101059;416985.531779228;393329.360319467;410179.085577627;334325.361302206;528186.112202095;557353.05967734;554369.354184955;541689.26446692;583704.409451303
6;277927.907185287;682030.42010286;411974.763926306;72236.6652171488;105489.320512305;0;232595.753247691;659565.671014063;467548.530388017;536796.780618306;390756.645381639;356705.571003051;169057.593623958;810595.762703324;374191.188428646;580447.683403668;647855.513499808;501286.478498743;443839.626620402;428871.892138632;916941.860384883;467169.611322292;522237.488135415;364094.341935774;176110.38065877;742236.620320303;664209.774156744;986507.780822746;235340.831110697;482791.876924505;535783.472529224;619670.431979634;303939.663836107;822533.130882583;536231.803974165;621818.068187149;191628.302419146;329958.256809468;632882.453934679;602000.911640859;306562.329385762;294148.879402287;782769.906184379;576173.474646812;445696.056346688;533577.919108508;295585.461454486;709594.919556904;863005.816114497;599885.098079762;486880.194238679;761176.046119622;544925.733778772;577978.456267457;882727.547774882;568741.130170682;452092.149236097;782244.146023199;706375.005203213;748472.441441208;815663.98099502;371604.415242417;639338.122040887;569817.761007462;401005.232458188;527981.77833097;436700.353665363;290479.960829952;419895.991358869;362454.490708144;698426.389174351;179470.16675797;239592.691816339;658551.207472355;787004.675762114;612995.806532136;677067.424287081;651137.816239031;764047.149298237;397645.45460575;467267.917867161;89310.4470844502;155525.462928511;725352.970852647;597765.794573894;511970.787517652;477416.929808088;514173.93970475;411440.932393185;633169.384050303;661887.599744424;658423.636851629;646000.892768827;688042.508610059
7;166388.15302266;539261.867591888;206563.632212511;161519.790039649;145851.544047509;232595.753247691;0;541643.563018754;310812.837713675;395912.149118458;244397.130389965;148275.684863397;144352.567154245;605223.059916991;142433.635566828;347986.353665021;415665.087732522;297890.280084393;211352.548850257;298735.787229487;691964.329038724;239899.894530543;292985.354973019;307607.195616568;59154.3371458184;550884.870579066;467288.128472899;757832.046755351;86736.5410907886;302799.601401758;338122.750940965;395177.798522802;155508.859296478;599445.075211408;315887.279231405;401396.207738498;106815.136313417;241191.703155917;423682.055916601;393676.757251823;110477.77678921;64247.6593257484;553653.165414368;386322.149018038;223630.556405565;317350.55683892;77878.0934955094;483983.52817287;650471.205201999;467442.228302148;378776.875122579;542710.414059814;468354.766086095;477374.947468219;654100.052716089;506332.522164709;272540.823940236;640490.041594932;540105.133544193;541414.908567311;658889.705487397;147941.758338184;447370.534141285;390583.458909374;284452.635611793;497126.570088458;409297.943156635;125618.640193589;346076.395151805;210815.300752367;484073.602150382;177816.845836981;211818.676817752;483567.43881529;603008.035561591;446092.521977602;493209.405229258;420087.795750122;601611.802841388;209841.710047773;260698.970346241;206011.167338761;102304.539146449;493543.461735095;368604.831085516;280084.200076614;411540.476778161;350061.152619875;374007.225740086;451540.066351506;485089.457559283;486717.388916456;472163.754753041;512556.691437967
8;395001.009413153;78279.9922780541;374687.604152168;625352.258257602;564810.496663115;659565.671014063;541643.563018754;0;783246.350068819;150147.404616368;744841.818229702;612278.51987124;676637.412943081;367157.405155243;529445.078020462;546527.964637125;583629.1377355;325398.737072951;517568.455654305;244050.567638038;562976.563340306;438578.308033797;581759.699086509;300981.334800017;550359.578182746;270036.529801563;275187.045880416;653433.47449944;626884.716174689;745289.288633988;732632.685418096;663037.213494639;678985.612857676;487366.644023633;389185.739833152;392293.10914803;489555.630387583;330787.770287364;752255.28461901;324663.024237046;434300.391441273;503549.190827009;529188.621210618;253746.257706971;601221.481732037;664630.12419975;574122.873164534;456500.92972185;436880.755858283;79718.4995958456;173003.164381802;420796.276141528;143959.311786013;87932.3778839387;581251.779666024;160118.584673577;290759.315720109;137782.551018348;161771.463455792;346822.935099738;194590.505601212;447414.152270887;819857.941690993;807151.218478372;797904.679916382;236633.662325282;274951.739303497;416915.922631807;244244.978427718;330861.129918836;370728.210025033;480159.326181901;420455.934013159;187193.709501891;260488.464253133;166046.58070976;222216.436423457;501735.386850996;174145.103207435;675893.238830795;666453.273344793;698185.711288399;625735.162961288;549100.192607753;460330.09687589;486527.511023333;202923.029636958;212910.60337445;277714.957428874;213032.920027245;193956.650517248;175254.1077716;183483.425183748;191448.508211631
9;467202.713447925;755855.896030141;408898.73511051;404781.509090683;428884.543207871;467548.530388017;310812.837713675;783246.350068819;0;633928.905180032;76793.1163559936;178585.581883484;298686.701362997;702707.445644713;254840.480267218;328201.295800642;362522.977937262;467890.84223976;272850.836221315;563097.854310447;701832.773824986;355194.024210283;250657.15740415;607503.057865222;353799.087804132;690485.929620976;608676.302858047;735310.685549782;247013.28570577;55578.2641295171;120944.874297622;269722.908272274;168026.747665141;631918.687732456;429427.999678675;487050.571049978;416968.838605115;537756.648917759;218403.85971583;522780.112681379;377501.935376803;307114.314347887;553920.588757544;559440.255357791;189822.837943459;181661.651484697;239517.869283037;523120.511530323;719715.837213256;703615.788367972;646340.97965621;605632.776846625;746055.719675423;739114.016249208;643527.258424792;788741.560565599;492732.016615971;847995.882745781;725815.42972474;643651.655453053;845125.925450226;338329.558806081;187860.027087276;110091.617077323;90596.762506509;793264.900558397;710715.041555331;412370.023883141;636137.113708252;478967.533142736;573594.487994396;486034.649457352;522448.926847558;663930.605270083;750486.788702775;644848.060247558;656673.215620824;429581.917689915;785571.123577403;110172.764213226;130892.055559613;389120.290743627;320462.611775282;472819.706559138;413951.200344573;331452.872143115;699184.754861984;570769.1957226;674617.475165852;626205.698708823;662234.009023298;671779.160110469;656206.055319575;687627.559434461
10;261348.325421458;146640.633834517;225049.617017245;494096.589623058;436141.215040489;536796.780618306;395912.149118458;150147.404616368;633928.905180032;0;594699.47717268;462170.721022398;534579.764339399;343823.188141143;379660.421769394;415997.537629947;462006.108692962;186236.969519556;371303.127108203;107945.726696895;519604.543432133;294974.291203482;441536.410058422;207902.46349608;410211.767360771;249318.489604681;206724.601627386;608760.292815299;479901.987936597;597189.581565307;587873.633227314;530408.042898191;529560.950976747;430288.456234407;258082.513239646;284478.135501327;355191.901781566;209953.321529873;615190.44788998;217665.049414934;286829.540204319;354645.298989222;448716.771435982;141989.123560179;454059.133552229;522298.000258176;424625.395307967;367023.828704848;412491.055426382;72053.3012871926;81845.3985951737;357738.490046562;156962.67617194;117851.854225855;520937.79923417;201057.981374901;141208.043576705;248305.320650924;176940.164914863;299811.357824621;279005.651088203;297338.536357674;679295.324503799;661849.331340748;647789.921577474;253445.790958247;236700.910136942;273336.213676296;161399.86590982;186990.88156929;294535.022900791;359351.102625927;305395.888327983;147342.932809109;273834.999847895;97460.2531212036;180135.762567445;389302.130072631;229610.490212538;526098.911890327;519310.170602997;564843.342453383;484757.446362799;448845.915660266;339365.942667997;348227.601997972;164896.374932147;68182.3881118179;219413.336666171;143779.451108141;153464.269403511;141408.58923032;135362.781767267;172519.251786328
11;406615.075936515;724238.526923193;371352.133029269;328350.292503816;354440.301212747;390756.645381639;244397.130389965;744841.818229702;76793.1163559936;594699.47717268;0;132835.995885751;221907.823372108;700916.723477229;217806.117383898;340061.558987627;386108.410256938;441148.343233075;254528.900001515;515344.701255237;721399.966381531;334018.058176945;259830.954865051;548208.019502738;282483.525110817;677929.596859252;593837.174201294;763144.099753672;173585.715837052;104412.311057997;171622.342132741;306721.467362854;93736.5949149744;644551.522614223;414378.832809322;481867.0537341;348531.830798231;479424.079760303;275286.788158614;508321.590664373;323638.469604726;251378.319835296;572338.248863275;535317.438951837;181342.801507451;210913.675002927;179990.21830935;530929.556515142;725212.010504771;665897.148005582;598760.55607522;610142.636184935;696024.672001642;694238.578982169;666839.544850248;737279.282637974;454794.376862916;819906.681698669;702053.298500187;639418.754510141;822789.694715852;297606.085787951;258255.484402323;182996.424404886;56743.1044224597;736317.017753577;651038.757757424;355230.421716437;580977.247058505;428484.370121209;570628.79239915;415769.002717694;455794.107505721;640480.072540704;736991.992339336;616269.933960834;637395.143539535;440734.380936399;763123.888531719;78561.0478262065;142408.020559419;312759.126426112;244598.833312264;493629.921756201;415045.601965633;324259.341070878;645313.632163445;534911.481752513;615239.463510494;603420.510964686;639577.112477597;647265.789015456;631657.363895018;665985.119641901
12;291292.400455702;591566.872706952;238516.26791899;285272.808744675;288032.213667983;356705.571003051;148275.684863397;612278.51987124;178585.581883484;462170.721022398;132835.995885751;0;209662.769811735;584361.388691165;85737.4328834271;252133.940222965;312234.326322791;310336.837885253;135468.136792262;385795.86671446;628759.901944238;207988.755552951;178642.929901064;430140.240559647;202711.966119855;553051.521568161;468094.837686874;681631.574041042;124135.180878731;158506.928920057;189895.600985723;265158.84660845;95696.0910945042;544353.906570816;290970.922822183;365584.413952618;253621.534073753;360147.575354109;278864.818945405;383737.437934574;199047.615458795;129811.128095218;481489.75764168;405001.280468856;93450.0110214336;176880.909058381;70413.6397850811;427504.703502629;615553.855336625;533209.841703207;469221.646506775;501143.768772838;568141.148855257;563453.200827911;580524.749159945;610490.010598495;322008.560364595;687714.68303795;571265.78183011;521360.274188917;692250.097977475;164887.232506899;299095.086318381;244258.771280375;187584.809878019;614897.303927614;533315.190211922;234759.978913679;457598.011961489;300675.46993107;454700.802859172;325386.504735861;353130.757040992;509990.701526395;611152.96398557;484235.586493174;508793.368046295;344912.559589263;632671.877817341;68741.7432290319;113565.092846017;301052.369816103;201911.907140186;409033.680287495;307704.167862172;212229.70760609;520605.941488754;402075.766120996;497145.471929279;473342.549746435;509408.500504348;516360.504838329;500786.659433981;536146.966870225
13;285091.496267863;679731.122429015;350488.284542077;112083.343582197;156152.052822047;169057.593623958;144352.567154245;676637.412943081;298686.701362997;534579.764339399;221907.823372108;209662.769811735;0;746312.175034585;255250.225584425;456083.731801716;519437.507760037;441328.819134721;325002.410665113;432617.856846308;820798.579397065;372677.590078937;387003.087067764;415203.05926786;127035.23238172;694739.591246387;610752.379715424;880802.4543769;88251.7362766823;316683.825217832;373648.331987921;473731.042146431;138563.550575129;730978.550385006;453096.02847824;537230.940695291;195194.787260961;357658.876104593;474133.298901901;535227.257256032;253663.799907883;203491.795531117;677513.501908249;530606.269673398;303056.91693716;381690.884061769;166775.795265466;613988.611317139;788675.661550865;605123.026373063;508278.85208515;678380.363418602;589528.15274649;606623.38424856;777930.753840106;623226.476099361;416227.774918789;781367.110648373;683818.048943775;682321.796852766;801990.045149584;287481.678326824;473887.023822043;402414.0806149;233512.845843157;601437.625422489;509410.72327319;261247.364307806;462547.427299891;347627.577097292;622552.835687496;240540.914874927;296683.775944821;627741.459011277;747263.965231666;589536.274572464;637546.462402982;541036.260953773;745143.441091959;236624.249078887;311333.999768532;94305.2596302447;51907.6522129233;610356.444735228;495139.286373328;401190.577403169;527329.431111976;492518.531457489;476958.267726387;595882.978863592;629342.949220275;630708.08859186;616254.734862457;656794.978798911
14;543119.160396216;289015.999503305;401562.637675652;750615.308117654;705224.348238117;810595.762703324;605223.059916991;367157.405155243;702707.445644713;343823.188141143;700916.723477229;584361.388691165;746312.175034585;0;505757.725987447;378766.854249409;370215.661048292;310229.528318061;449629.032628863;423485.788200537;197749.644243812;379588.588821901;452467.520983828;543741.121641268;646483.648773421;98965.4341916528;149773.732724044;287359.910006986;666035.479052333;649892.808721294;605112.396780463;476178.477036045;677867.878402628;140992.749763637;296052.029906983;219343.238713612;619347.007104298;523204.90673653;572413.142097447;211568.991597455;506892.908773477;543102.821442021;216593.599413828;239358.860720486;520132.013931981;530454.055944865;588661.866866792;190903.128997117;70547.412627796;336148.912962331;425639.864942538;108236.745455523;478066.133421041;419112.94416322;228346.167739847;512056.33981394;362343.403218653;297645.814833342;205387.944899708;64028.455959625;245510.24577269;458843.931766617;651219.440106572;674256.215660657;757176.83850133;580967.364924812;579834.261531391;520171.76810919;503582.686028282;456791.558595038;130300.128431116;652686.590565313;613237.207373614;199436.295148778;118141.289327712;246986.032018328;164093.122863286;283077.892562543;213170.720652419;622416.074952983;572098.687888169;808745.022514404;707518.675954495;278822.606005601;288756.456671531;376674.851090891;505747.377385311;321761.020140206;563126.452073389;201471.74182669;192591.366178878;208361.502893073;210073.172256434;181695.28428126
15;239194.017231796;506509.963298731;154773.170710938;302374.427744183;286990.050316063;374191.188428646;142433.635566828;529445.078020462;254840.480267218;379660.421769394;217806.117383898;85737.4328834271;255250.225584425;505757.725987447;0;206611.156043694;273675.443876511;224680.768928356;70799.6601973099;309922.57215066;565893.995590566;126326.082603066;151654.128341565;369632.763902924;201269.978348736;469643.192368911;384434.215846014;625796.711035166;168044.471378164;222945.281879355;232274.936004506;256939.527329022;173042.155455081;477239.562368268;210057.739407668;289180.264644853;229264.584799497;299884.701005303;299517.528652977;301106.680487961;139083.546858933;89786.3794261264;422292.775022364;319416.219766369;96451.6274910049;190534.797914929;88531.7546457846;359943.692939285;541234.187173055;450028.764882674;392673.860000752;428297.194494143;493475.238994376;484404.2469138;522757.734712893;537071.628068427;238689.015487726;602178.388214414;485555.980988476;442142.613817531;606561.079966823;83647.7441656948;339043.690207289;299328.270028648;273147.083994406;548000.919244997;471484.842083038;178962.823000812;389949.014763013;229283.331412761;377435.129364019;299435.633450142;312832.625913525;424333.642254417;527158.195132958;398616.308980101;423704.498886289;286003.907760388;547001.833448203;146451.482855478;153766.747803362;336697.297961558;230490.433949922;356681.2555965;240379.298363193;145941.040128441;450521.740188748;317979.802659255;435403.48064004;387787.990210868;423818.654150415;430642.814763235;415074.075103126;450630.739627346
16;400744.300890918;496204.293420168;242478.609515335;508833.022321647;489715.961474871;580447.683403668;347986.353665021;546527.964637125;328201.295800642;415997.537629947;340061.558987627;252133.940222965;456083.731801716;378766.854249409;206611.156043694;0;68620.0695973406;230958.072290705;136633.846901756;397821.984032548;381891.434945414;146571.546828951;80230.7457692288;499048.99739625;405950.282942598;382624.105830499;310039.1151196;429924.962626655;367848.875070004;273774.777533029;226373.691046049;116750.817527171;345706.261489875;305172.286698188;158370.657643831;175447.79690087;422114.560136698;437744.240504209;210092.63543623;231087.402563026;307838.577004701;289070.983413721;232944.36515535;293585.306673985;164152.994046347;151725.755068387;291414.651385241;194973.786715184;391655.446613747;471104.271536628;465407.405597469;278142.526930358;564983.343748635;533820.617176704;329943.572323912;610789.883578869;297231.813736928;572019.334719824;443460.786049353;323365.853935189;553618.932992089;228252.523789536;284607.315674206;296681.170806853;393459.577079217;645387.954144098;588982.670430235;344814.872806247;497577.082720671;349956.557019881;253393.669101004;486626.845447901;483623.320184112;384832.384291632;442488.798419347;384078.809648321;366230.531695451;101594.075391184;496626.050311619;265269.625176426;200701.074551063;541750.423088193;436181.16401442;157217.916773561;96259.8323813241;82366.809654329;544131.588526699;348377.207978965;555855.413129304;348266.4599148;380904.77613366;395297.624446339;381093.396751757;401632.065332809
17;467616.086809471;526966.541191812;305958.253130718;576040.731469365;558047.802096536;647855.513499808;415665.087732522;583629.1377355;362522.977937262;462006.108692962;386108.410256938;312234.326322791;519437.507760037;370215.661048292;273675.443876511;68620.0695973406;0;281959.745122755;204498.215084163;454960.274431704;339331.529150345;211392.851585642;133828.202072026;560985.219173663;473911.250811157;391768.217163216;329035.724317681;377072.156343744;431459.431057055;306950.661029491;248967.277459441;106726.633756274;403053.566203275;274219.267896528;205766.31038865;194990.913438716;490723.109846325;501641.380298087;202221.617944895;259925.811184937;375951.056185494;357411.027939385;192126.575855059;330317.658809244;220407.742551936;180884.458950646;356656.615349378;179341.895780904;370641.066388878;511419.397138256;517858.496231802;263437.686470543;615056.712807821;579466.934000752;281644.76616023;660587.369965802;353315.377972325;594408.401119968;466166.094708637;322181.58098953;568827.26312905;296438.65961649;281115.226515185;310830.112656576;436439.528285932;699796.93171992;647901.717758704;412474.317218746;555977.760251766;413257.064980922;255771.913234725;555002.142676281;550817.062724667;411183.680542433;449692.160517537;418182.757232764;387529.713135191;90703.8843091571;514495.410739718;315771.285486884;243736.64255948;606815.06222475;501881.705771016;110489.159960575;123607.270434516;148703.995492659;599170.798335352;395993.807813129;615665.39897866;376762.708468067;406346.674588762;422446.992999078;409428.342355647;423930.180231605
18;243635.119968663;288812.647765066;91780.6990750936;440406.555305769;396241.708398708;501286.478498743;297890.280084393;325398.737072951;467890.84223976;186236.969519556;441148.343233075;310336.837885253;441328.819134721;310229.528318061;224680.768928356;230958.072290705;281959.745122755;0;195968.774647378;176926.761554149;428949.678654518;114431.12026281;256698.32661515;293477.599596541;336485.161913715;253616.207024441;169440.538364028;508698.839240265;366451.027593632;425352.207024172;407851.830587558;344345.398939969;394113.098869072;332717.126163515;76586.2903046407;137915.616633696;310982.530168162;246724.90792618;429258.471790599;100974.054825103;196672.108778406;238390.313430444;317002.45772751;94831.5571759352;280290.478717215;339231.389762104;294272.921317392;233395.543897847;361936.857571787;246815.404761438;235927.203268115;265176.798996912;334250.423689122;303656.411883838;408365.098357541;380008.59311355;76985.7260735281;380254.758503128;260992.237733355;247419.398848275;381922.083597119;157261.273498729;494880.279090047;482600.742132099;497158.71859853;417956.335522252;370573.004420355;211782.634500362;278639.532090924;163060.547112506;199414.051294452;351679.84169392;322492.328727228;199656.205698444;307835.269262367;176966.804501681;200690.188906402;221355.394159706;322335.051684927;366022.95655039;344834.843409595;499143.245854956;399700.06447187;291632.692632633;164503.586093181;162290.094656415;317685.792610188;118113.469082706;340519.554882016;163224.503477676;199179.051498515;206142.167774769;190543.315447754;226115.078236985
19;282074.312176173;484750.372056349;153668.580450451;372309.748935104;353750.838986274;443839.626620402;211352.548850257;517568.455654305;272850.836221315;371303.127108203;254528.900001515;135468.136792262;325002.410665113;449629.032628863;70799.6601973099;136633.846901756;204498.215084163;195968.774647378;0;319926.208757763;497748.412229993;82355.8823454888;93423.2308678823;399512.1647174;269422.114161812;423431.275233801;339580.6846645;555807.044776605;237164.033668803;229389.83071202;217050.746250119;201747.512406452;230617.961194586;410882.021191453;159887.322331983;230469.546174433;289546.718400445;332264.048155986;261509.676826536;253887.378752662;182999.091709975;153293.803119223;352794.043622222;286595.988860439;84332.3200779028;156935.58683742;158348.639812397;293626.321898162;480103.37009244;437983.632679096;398881.659448734;365800.460766035;501251.349325007;483534.698637093;453062.714946777;546364.142205;232367.562425476;575411.002542723;453015.041440011;387039.982002886;572624.262509614;106636.913225936;314442.270741255;290607.601548282;311270.53938827;566813.541274583;497692.019005567;222610.505888256;410616.785764721;250995.172480426;319657.446481875;356915.66972244;361710.718532523;391129.073651987;482629.095419404;372756.157148151;384953.216683769;216093.260588126;513003.138751872;176435.339525166;149173.885127299;407466.704704213;301289.07347213;285987.846225703;173539.813632539;77791.9180201898;466430.242550347;304996.56921918;462382.500508276;353452.755496176;389529.323708539;398928.522502312;383355.392808273;415152.508942853
21;154010.557454916;253987.886966094;166448.708420283;386782.754888239;328358.865421576;428871.892138632;298735.787229487;244050.567638038;563097.854310447;107945.726696895;515344.701255237;385795.86671446;432617.856846308;423485.788200537;309922.57215066;397821.984032548;454960.274431704;176926.761554149;319926.208757763;0;580385.68996346;257227.488364683;403568.150473106;123550.352212366;306584.687839511;336942.641095391;275488.869981543;665996.766160898;384799.853785407;532779.152520513;534575.654844531;503867.963135573;441898.686221713;486066.02209821;252624.528817803;308331.204243198;248409.559083502;104552.56654143;578445.786979236;252253.630113345;194598.099637414;266314.819925226;486006.811543321;189859.600687733;396299.103741158;476718.255043996;338339.495682426;401577.651880463;488104.623056422;174236.829090385;83459.184561802;413843.782279793;183591.548007022;180045.788122307;570498.554766926;227655.592638314;101757.770783723;355216.17074853;280773.572619633;370476.939490205;386827.652038567;226671.88426634;634368.382523165;605814.66510705;565553.339548876;249063.76334022;193782.504474559;173344.474460598;101747.833500648;88638.6091411111;346537.184527064;251883.909980421;199876.325240025;240655.277411611;371019.868353012;191343.435084772;267092.610494549;398281.941798956;336247.540856517;453105.490215991;459975.729315415;458141.40672612;381845.786841889;467800.376198692;341086.075374535;319567.580691258;147712.726509747;101731.008219315;163741.869334441;224512.889196861;245452.084454885;237816.479454925;227887.292259004;268934.677191388
22;672461.503599801;485280.90528777;509468.784791579;850038.626422006;814814.022466529;916941.860384883;691964.329038724;562976.563340306;701832.773824986;519604.543432133;721399.966381531;628759.901944238;820798.579397065;197749.644243812;565893.995590566;381891.434945414;339331.529150345;428949.678654518;497748.412229993;580385.68996346;0;452068.015876057;461909.919865144;703917.317716666;742825.016279008;292940.050446429;312904.008150796;90648.490276288;733937.966079102;646267.920553615;587212.477756457;438850.11324561;724129.338337001;96232.6443570566;381113.904031169;296399.478397075;732755.209738571;670089.143479017;523245.709781654;332405.823555806;612085.256719266;627752.373396692;149064.993558398;391027.422122473;545369.501686206;520172.756663411;654382.610185104;207985.080160415;133343.398796913;524801.470059327;600236.406273026;166699.318967123;665057.679921612;608443.192697703;66271.0862223034;702024.47800585;498570.09123491;493281.968482117;401572.87267612;221512.861389041;437006.547100249;546112.088209749;599666.681603907;644032.988579825;773689.580552225;767347.590791936;755216.269646947;635714.975932007;671793.983784561;591150.394132055;234284.851670426;779614.312195691;751106.945704709;385710.051809335;314472.773219551;427847.744042242;348691.485131721;283977.260860643;410200.085423802;647160.828340557;580202.788710061;897244.075374108;791227.396069806;229060.857579089;325659.29507806;420292.516346756;684484.505844291;482002.243107462;733991.416574496;376961.995903971;378555.798072152;396223.805847579;394304.685352476;373406.317229247
23;257086.988550685;403122.923968519;96146.8914068455;398779.833595543;368035.829042214;467169.611322292;239899.894530543;438578.308033797;355194.024210283;294974.291203482;334018.058176945;207988.755552951;372677.590078937;379588.588821901;126326.082603066;146571.546828951;211392.851585642;114431.12026281;82355.8823454888;257227.488364683;452068.015876057;0;148092.215299538;352978.924089957;291671.215348772;345158.103399828;260395.477876858;519368.725275889;288768.834600182;311319.769614534;294055.304128194;246750.031320381;299151.576085318;359814.971059558;83731.8520624865;164854.432389386;291458.817549425;291173.957147419;323284.969376477;175748.732671598;171070.048964581;175685.022518909;315630.640870973;204246.28195496;166354.610424007;227328.381954899;210039.997341432;244084.692476324;417004.886964352;359368.128021458;331043.711889689;305732.379021387;432958.283452006;409947.36791382;415577.892312247;478641.607679083;161052.235681447;493109.16574425;370758.137281611;315884.9276608;490587.193974213;95919.0422488993;384601.85163557;368632.62893089;390655.626260012;506284.706838084;444993.010730749;204334.8324927;354485.020360784;203487.094211666;251963.472238908;350148.233163003;340657.32160029;308877.771585665;403581.580550772;290722.219752528;303606.085808987;186923.358686252;430932.927112308;256843.397248217;230544.069704457;445446.630515489;339835.729242836;262850.959293677;130937.526429319;64482.63252645;404892.80882117;227419.890762791;411159.861822404;271263.158974628;307378.50389047;316596.834084803;301017.562403322;333189.927302653
24;375482.734846398;539610.138454838;238086.03500048;450021.994595077;438347.519705269;522237.488135415;292985.354973019;581759.699086509;250657.15740415;441536.410058422;259830.954865051;178642.929901064;387003.087067764;452467.520983828;151654.128341565;80230.7457692288;133828.202072026;256698.32661515;93423.2308678823;403568.150473106;461909.919865144;148092.215299538;0;490428.298313559;352111.265954912;446678.041189821;368602.862632499;507696.687206312;299502.636836805;197425.287844983;158847.221884145;108344.66441809;269386.244351027;385143.264409055;197161.936666844;239770.252072649;379557.774009356;424186.970999117;175266.658678229;284560.007175224;276322.764372662;240773.763135345;312877.363464291;335711.050322595;86655.6656865234;84985.8572690966;227438.758455288;273346.722352349;469541.9369822;503485.361557553;478954.604755217;355133.578657486;580988.070927806;557476.692353867;408935.639998954;626633.903588025;309110.650978052;622834.947290461;495796.013992122;394409.541309847;610894.99252973;199788.821802582;238184.504261015;232959.052923424;313359.124145739;652351.145978653;586875.18836183;316018.607326198;498128.183751237;340815.273619496;324152.50316432;448341.222288759;454999.733589949;434962.789638861;506942.544536332;426122.997222151;421396.643851813;181308.002591105;552377.656190807;185422.44604909;121284.364700938;475996.101443803;372438.947780061;235623.041629728;163992.875461213;95737.2409106549;551199.677971488;373500.485077426;552027.087056291;397272.438616469;431994.807497611;444406.124652423;429369.091461661;455136.333911286
25;141752.282984816;337711.758648403;256835.754606389;340721.199538908;278636.910338671;364094.341935774;307607.195616568;300981.334800017;607503.057865222;207902.46349608;548208.019502738;430140.240559647;415203.05926786;543741.121641268;369632.763902924;499048.99739625;560985.219173663;293477.599596541;399512.1647174;123550.352212366;703917.317716666;352978.924089957;490428.298313559;0;291243.28475411;453650.345959547;397412.170990459;789503.750177714;391920.011095479;586972.549229964;601884.373944321;596271.572941933;462756.948328966;609602.42983312;366092.459762808;428905.163443509;220269.153844898;70133.9260205198;660724.050711758;375208.091530422;232469.694355594;300521.883361536;607613.702204431;313177.366170143;464479.157882796;553893.330841702;369017.957453245;523211.470536269;609676.33293233;253784.646795453;135389.100150394;537393.223386655;181273.122810435;215883.01321141;693591.250137003;209523.311728911;216505.187102464;432104.514703866;383920.51756701;492657.149885757;475767.177215272;294575.346000526;707716.249175058;667984.544229083;591543.587365307;189622.749874111;103215.94832301;195380.328444847;56835.9618898664;150077.774804801;470080.156409407;188050.02040334;126037.340707485;353533.236873088;481643.128763382;303197.53838061;383551.934839691;512832.049071916;432584.930743697;498766.564622346;523252.343734414;414683.128112145;363552.298226383;584821.876199002;454142.871748692;417438.866703733;114703.564395893;223496.09966708;67134.7451606614;342758.397833237;359151.388145923;348634.06191188;341080.361114003;379929.965561151
26;158103.604403376;556250.438846697;244923.568205626;107217.49372866;86915.3393470589;176110.38065877;59154.3371458184;550359.578182746;353799.087804132;410211.767360771;282483.525110817;202711.966119855;127035.23238172;646483.648773421;201269.978348736;405950.282942598;473911.250811157;336485.161913715;269422.114161812;306584.687839511;742825.016279008;291671.215348772;352111.265954912;291243.28475411;0;586041.517926327;504300.068680068;810986.00958525;110035.761956738;351993.003146264;392122.121484138;454199.215006903;189226.167178972;649172.157080512;363477.534210965;449315.081109575;71947.5065709155;231251.913472495;480524.868876007;435408.050408599;140218.671559314;118097.633267723;607049.315564541;419659.643087258;282114.546767708;375144.228527808;133490.14024811;535035.822781022;695041.348022605;479977.638536074;381322.428563563;589923.101795191;463056.3076031;479607.005067485;707189.762188783;497636.768541587;299656.568496756;658041.144932835;565490.895805355;583214.384087127;681717.90799967;196716.459261888;500762.945947272;440604.714570816;315084.010415804;479603.127255988;388720.666644343;138294.638170874;336612.577726403;223481.102581895;529096.101929556;133528.395799175;179695.700415306;511770.511521532;635513.585785301;470804.792023949;524985.928038216;475031.43888831;626065.258971402;259480.963455411;316167.536439327;163046.924347148;75489.7227661563;549284.469779521;421942.286473923;335973.858703095;401754.955089165;372285.900454421;354984.929974314;482082.517790895;514011.75933015;513685.686944322;499817.884347672;541196.569549176
